15
23
30
31
43
47
55
60
63
71
77
79
87
91
95
100
105
110
113
118
120
126
127
133
135
141
143
147
151
153
157
159
163
165
167
171
173
175
178
180
183
185
187
189
191
193
195
196
199
201
203
204
205
206
206
209
211
211
213
214
215
216
216
216
218
219
220
220
221
221
221
224
224
224
225
225
226
226
226
226
228
229
229
230
230
230
231
231
231
231
231
231
233
233
233
234
234
235
235
235
235
236
236
236
236
236
236
236
236
236
236
238
238
238
238
238
238
239
239
240
240
240
240
240
240
240
240
240
240
241
241
236
228
224
216
211
206
200
194
191
185
181
177
173
169
166
162
158
156
152
148
146
142
140
137
134
132
129
128
124
120
120
115
114
112
109
107
104
103
100
99
97
95
95
92
90
88
88
85
84
82
81
80
78
77
76
75
73
72
71
70
70
68
67
67
63
63
63
62
60
60
59
57
56
56
56
54
54
52
52
51
51
50
49
47
47
47
47
47
46
46
44
44
44
44
43
42
42
41
41
40
40
40
39
39
39
39
39
38
38
38
38
37
37
36
36
36
36
36
36
35
35
35
35
35
35
35
35
35
35
35
35
34
34
34
34
34
34
33
33
33
33
33
33
33
33
31
31
31
31
31
31
31
31
31
30
30
30
30
30
28
